1	0	0	0	0	0	0	0	0	0	0	0	0	0	0	0	0	0	0	0	0	0	0	0	0	0	0	0	0	0	0	0	0	0	0	0	0	0	0	0	0	0	0	0	0	0	0	0	0	0	0	0	0	0	0	0	0	
0.00023	0.59145	0.02637	0.02472	0.03947	0.03931	0.0399	0.04214	0.02178	0.03435	0.01342	0.01533	0.01059	0.00874	0.02155	0.01953	0.01513	0.01287	0.01173	0.01141	0	0	0	0	0	0	0	0	0	0	0	0	0	0	0	0	0	0	0	0	0	0	0	0	0	0	0	0	0	0	0	0	0	0	0	0	0	
0.00019	0.0145	0.70618	0.02322	0.01039	0.00683	0.01134	0.01509	0.01576	0.02497	0.01274	0.00567	0.01489	0.0138	0.01535	0.01719	0.0171	0.02903	0.00926	0.03649	0	0	0	0	0	0	0	0	0	0	0	0	0	0	0	0	0	0	0	0	0	0	0	0	0	0	0	0	0	0	0	0	0	0	0	0	0	
0.00021	0.02026	0.01137	0.66314	0.01492	0.01023	0.00989	0.02433	0.02434	0.01281	0.02246	0.02238	0.01444	0.01802	0.0082	0.01465	0.02624	0.01258	0.02591	0.03155	0	0	0	0	0	0	0	0	0	0	0	0	0	0	0	0.01205	0	0	0	0	0	0	0	0	0	0	0	0	0	0	0	0	0	0	0	0	0	
0.00019	0.01236	0.01095	0.02338	0.62106	0.02088	0.03217	0.03625	0.01143	0.00791	0.04186	0.01274	0.02082	0.03719	0.02133	0.01019	0.01342	0.01972	0.02749	0.01868	0	0	0	0	0	0	0	0	0	0	0	0	0	0	0	0	0	0	0	0	0	0	0	0	0	0	0	0	0	0	0	0	0	0	0	0	0	
0	0.07618	0.01197	0.01305	0.03174	0.44567	0.0466	0.05431	0.03565	0.01582	0.01274	0.02886	0.03612	0.03236	0.01578	0.03631	0.01926	0.03142	0.01265	0.0435	0	0	0	0	0	0	0	0	0	0	0	0	0	0	0	0	0	0	0	0	0	0	0	0	0	0	0	0	0	0	0	0	0	0	0	0	0	
0.00072	0.04282	0.03545	0.07301	0.06177	0.04285	0	0.06058	0.0229	0.04713	0.04675	0.08184	0.07484	0.04992	0.03498	0.03305	0.07166	0.04914	0.0806	0.05713	0	0	0.03286	0	0	0	0	0	0	0	0	0	0	0	0	0	0	0	0	0	0	0	0	0	0	0	0	0	0	0	0	0	0	0	0	0	0	
0.00016	0.00871	0.00358	0.01405	0.01034	0.01543	0.01247	0.75766	0.00916	0.01345	0.02123	0.01524	0.01803	0.01927	0.01024	0.0108	0.01227	0.01055	0.01223	0.02512	0	0	0	0	0	0	0	0	0	0	0	0	0	0	0	0	0	0	0	0	0	0	0	0	0	0	0	0	0	0	0	0	0	0	0	0	0	
0.00022	0.04425	0.01009	0.01634	0.03044	0.03058	0.02612	0.02788	0.61207	0.00882	0.02655	0.00857	0.01856	0.01944	0.0276	0.01814	0.02219	0.02594	0.01469	0.0115	0	0	0	0	0	0	0	0	0	0	0	0	0	0	0	0	0	0	0	0	0	0	0	0	0	0	0	0	0	0	0	0	0	0	0	0	0	
0.00019	0.01518	0.01037	0.01413	0.00743	0.02476	0.00949	0.00684	0.0246	0.70518	0.0252	0.00959	0.02105	0.01753	0.02252	0.00947	0.01804	0.00773	0.01914	0.02199	0	0	0	0.00958	0	0	0	0	0	0	0	0	0	0	0	0	0	0	0	0	0	0	0	0	0	0	0	0	0	0	0	0	0	0	0	0	0	
0.00023	0.01788	0.0321	0.01333	0.01383	0.01301	0.0117	0.01897	0.00535	0.00808	0.68896	0.02996	0.01771	0.01542	0.00888	0.02462	0.01332	0.02718	0.0153	0.01358	0	0	0	0	0	0	0	0	0	0	0	0	0	0	0	0	0	0	0	0	0	0	0	0	0	0	0.01059	0	0	0	0	0	0	0	0	0	0	
0.00022	0.0212	0.01237	0.03726	0.02466	0.01009	0.01646	0.03267	0.01691	0.01616	0.01994	0.64664	0.01908	0.00937	0.00753	0.01522	0.01214	0.02205	0.01209	0.02397	0	0	0	0	0	0	0	0	0	0	0	0	0	0	0.01183	0	0	0	0	0	0	0	0	0	0	0	0	0	0	0	0	0	0	0.01213	0	0	0	
0.00022	0.006	0.01567	0.02016	0.02461	0.02959	0.01413	0.01494	0.02538	0.01497	0.01029	0.0278	0.67349	0.01488	0.00675	0.01462	0.01783	0.03135	0.00984	0.02747	0	0	0	0	0	0	0	0	0	0	0	0	0	0	0	0	0	0	0	0	0	0	0	0	0	0	0	0	0	0	0	0	0	0	0	0	0	
0.00021	0.02898	0.02651	0.01976	0.0297	0.00903	0.02321	0.01606	0.0061	0.01262	0.0244	0.03411	0.02255	0.64957	0.02228	0.01001	0.01985	0.01412	0.01008	0.00933	0	0	0	0	0	0	0	0	0	0	0	0	0	0.01154	0	0	0	0	0	0	0	0	0	0	0	0	0	0	0	0	0	0	0	0	0	0	0	
0.00016	0.0101	0.01009	0.01669	0.01947	0.00707	0.01685	0.01645	0.00642	0.00866	0.01897	0.02554	0.00707	0.02275	0.72226	0.0149	0.02071	0.02155	0.00807	0.01703	0	0	0	0	0	0.0092	0	0	0	0	0	0	0	0	0	0	0	0	0	0	0	0	0	0	0	0	0	0	0	0	0	0	0	0	0	0	0	
0.00022	0.00573	0.00805	0.00959	0.01903	0.01167	0.01485	0.02259	0.01154	0.00593	0.02112	0.01651	0.00704	0.01695	0.00531	0.7112	0.02757	0.03035	0.01613	0.02928	0	0	0	0	0	0	0	0	0	0	0	0	0	0	0	0	0	0	0	0	0	0	0	0	0	0	0	0	0	0	0	0	0	0	0	0	0.00934	
0.00024	0.01269	0.01126	0.04423	0.03419	0.0203	0.01847	0.04931	0.02087	0.01056	0.03229	0.01293	0.02202	0.01469	0.01219	0.02749	0.5992	0.02329	0.01174	0.02202	0	0	0	0	0	0	0	0	0	0	0	0	0	0	0	0	0	0	0	0	0	0	0	0	0	0	0	0	0	0	0	0	0	0	0	0	0	
0.00019	0.01926	0.00932	0.0201	0.01881	0.03124	0.01266	0.01242	0.01117	0.00544	0.00853	0.02256	0.02315	0.02753	0.01661	0.00752	0.00485	0.70124	0.01178	0.02495	0	0	0	0	0	0	0	0	0	0	0	0	0	0	0	0	0	0	0	0	0	0	0	0	0	0	0	0.01068	0	0	0	0	0	0	0	0	0	
0.00024	0.0131	0.01952	0.02311	0.00954	0.01424	0.04184	0.03006	0.02888	0.0071	0.04053	0.02222	0.02142	0.01695	0.01537	0.03935	0.01104	0.01549	0.61232	0.01769	0	0	0	0	0	0	0	0	0	0	0	0	0	0	0	0	0	0	0	0	0	0	0	0	0	0	0	0	0	0	0	0	0	0	0	0	0	
0.0002	0.00954	0.01185	0.01454	0.01947	0.02737	0.02335	0.03433	0.01457	0.01823	0.01358	0.034	0.02248	0.01434	0.03438	0.00902	0.01073	0.0136	0.00722	0.65419	0.01301	0	0	0	0	0	0	0	0	0	0	0	0	0	0	0	0	0	0	0	0	0	0	0	0	0	0	0	0	0	0	0	0	0	0	0	0	
0.00034	0	0	0	0	0	0	0	0	0	0	0	0	0	0	0	0	0	0	0	0.75355	0.00989	0.0236	0.01354	0.02546	0.03049	0.01667	0.00911	0.00826	0.00937	0.01159	0.01791	0	0	0	0	0	0.00916	0.02335	0	0	0	0	0	0	0	0.01722	0	0	0	0.00451	0.01596	0	0	0	0	0	
0.00124	0	0	0	0	0	0	0.03156	0	0	0	0	0	0	0	0	0	0	0	0	0.10332	0.0805	0.07251	0.0136	0.04607	0.02858	0.06231	0.04008	0.06099	0.04099	0.02311	0.12933	0	0	0	0	0	0.0362	0.0858	0	0	0	0	0	0	0	0.07464	0	0	0	0.01672	0.05244	0	0	0	0	0	
0.00036	0	0	0	0	0	0	0	0	0	0	0	0	0	0	0	0	0	0	0	0.02238	0.01908	0.72637	0.01476	0.00994	0.01969	0.00759	0.01746	0.00822	0.00885	0.02477	0.01737	0	0	0	0	0	0.01408	0.0275	0	0	0	0	0	0	0	0.01902	0	0	0	0.02785	0.01469	0	0	0	0	0	
0.00029	0	0	0	0	0	0	0	0	0	0	0	0	0	0	0	0	0	0	0	0.02887	0.02792	0.01707	0.73592	0.01759	0.01524	0.00563	0.00903	0.01645	0.0105	0.01391	0.02195	0	0	0	0	0	0.0314	0.00561	0	0	0	0	0	0	0	0.00674	0	0	0	0.00643	0.02944	0	0	0	0	0	
0.00051	0	0	0	0	0	0	0	0	0	0	0	0	0	0	0	0	0	0	0	0.01536	0.01375	0.03685	0.01676	0.68323	0.00751	0.01075	0.01292	0.03287	0.01291	0.03408	0.0179	0	0	0	0	0	0.01821	0.01995	0	0.01076	0	0	0	0	0	0.01765	0	0	0	0.01791	0.02013	0	0	0	0	0	
0.00084	0	0	0	0	0	0	0	0	0	0	0	0	0	0	0	0	0	0	0	0.03352	0.03203	0.02968	0.0485	0.02427	0.49637	0.06405	0.03426	0.01894	0.0261	0.02312	0.03928	0	0	0	0	0	0.02064	0.04141	0	0	0	0	0	0	0	0.02053	0	0	0	0.01417	0.03229	0	0	0	0	0	
0.00037	0	0	0	0	0	0	0	0	0	0	0	0	0	0	0.00851	0	0	0	0	0.01153	0.00731	0.00799	0.00883	0.02145	0.01295	0.75135	0.00856	0.02898	0.02088	0.0092	0.02671	0	0	0	0	0	0.00716	0.00898	0	0	0	0	0	0	0	0.01364	0	0	0	0.01824	0.02735	0	0	0	0	0	
0.00035	0	0	0	0	0	0	0	0	0	0	0	0	0	0	0	0	0	0	0	0.01202	0.02373	0.0137	0.02153	0.01652	0.01657	0.00882	0.75223	0.01956	0.01223	0.00827	0.01845	0	0	0	0	0	0.01488	0.01776	0	0	0	0	0	0	0	0.01394	0	0	0	0.01005	0.01939	0	0	0	0	0	
0.00052	0	0	0	0	0	0	0	0	0	0	0	0	0	0	0.01019	0	0	0	0	0.01729	0.00982	0.02981	0.00665	0.01507	0.03385	0.01582	0.01347	0.69122	0.01572	0.03111	0.01116	0	0	0	0	0	0.02644	0.011	0	0	0	0	0	0	0	0.01039	0	0	0	0.03944	0.01103	0	0	0	0	0	
0.00051	0	0	0	0	0	0	0	0	0	0	0	0	0	0	0	0	0	0.01213	0	0.01697	0.01567	0.01538	0.0129	0.02439	0.00831	0.02332	0.02323	0.02412	0.65288	0.02273	0.02483	0	0	0	0	0	0.01375	0.02353	0	0	0	0	0	0	0	0.02059	0	0	0	0.0356	0.02915	0	0	0	0	0	
0.00039	0	0	0	0	0	0	0	0	0	0	0	0	0	0	0	0	0	0	0	0.02102	0.01776	0.01989	0.00826	0.00985	0.0086	0.01826	0.01723	0.02435	0.01405	0.72759	0.01237	0	0	0	0	0	0.02296	0.01494	0	0	0	0	0	0	0	0.01427	0	0	0	0.03322	0.015	0	0	0	0	0	
0.00058	0	0	0	0	0	0.01186	0	0	0	0	0	0	0	0	0	0	0	0	0	0.02173	0.01279	0.02975	0.0092	0.02263	0.01205	0.012	0.02283	0.0378	0.01823	0.02865	0.65009	0	0	0	0	0	0.03065	0.01274	0	0	0	0	0	0	0	0.02881	0	0	0	0.01894	0.01867	0	0	0	0	0	
0.00025	0	0	0	0	0	0	0	0	0	0	0	0	0	0	0	0	0	0	0	0	0	0	0	0	0	0	0	0	0	0	0	0.75087	0.0125	0.02657	0.01805	0.01576	0	0	0.01334	0.00562	0.00878	0.01551	0.01183	0.01121	0.01245	0	0.00905	0.00558	0.01454	0	0	0.00602	0.01228	0.01078	0.01202	0.02697	
0	0	0	0	0	0	0	0	0	0	0	0	0	0.01469	0	0	0	0	0	0	0	0	0	0	0	0	0	0	0	0	0	0	0.01216	0.51764	0.02218	0.01493	0.01286	0	0	0.01215	0.0257	0.02473	0.01796	0.05034	0.03266	0.02151	0.01521	0.019	0.04388	0.02583	0.01467	0	0.01858	0.01374	0.03261	0.02374	0.01325	
0.00022	0	0	0	0	0	0	0	0	0	0	0	0	0	0	0	0	0	0	0	0	0	0	0	0	0	0	0	0	0	0	0	0.0249	0.03825	0.68652	0.00794	0.01949	0	0	0.01975	0.01174	0.00771	0.02797	0.00857	0.02111	0.00631	0	0.01016	0.01256	0.02433	0	0	0.01992	0.01585	0.00741	0.00505	0.02426	
0.00024	0	0	0	0	0	0	0	0	0	0	0	0	0	0	0	0	0	0	0	0	0	0	0	0	0	0	0	0	0	0	0	0.00784	0.00986	0.01186	0.71526	0.01386	0	0	0.01577	0.00985	0.01155	0.01408	0.00868	0.01945	0.02859	0	0.03271	0.00915	0.01674	0	0	0.01429	0.02127	0.01249	0.01415	0.01232	
0.00021	0	0	0	0	0	0	0	0	0	0	0	0	0	0	0	0	0	0	0	0	0	0	0	0	0	0	0	0	0	0	0	0.00407	0.01032	0.00858	0.02425	0.69792	0	0	0.03906	0.01497	0.00356	0.00848	0.00441	0.01006	0.01768	0	0.03368	0.03712	0.02535	0	0	0.01488	0.02613	0.00333	0.01093	0.00502	
0.00061	0	0	0	0	0	0	0	0	0	0	0	0	0	0	0	0	0	0	0	0.02096	0.02255	0.02227	0.01527	0.02912	0.02847	0.01438	0.02308	0.01175	0.03775	0.03482	0.01832	0	0	0	0	0	0.64106	0.0165	0	0	0	0	0	0	0	0.02146	0	0	0	0.02099	0.02063	0	0	0	0	0	
0.00042	0	0	0	0	0	0.00984	0	0	0	0	0	0	0	0	0	0	0	0	0	0.02013	0.02958	0.01649	0.01738	0.01174	0.02364	0.0196	0.02493	0.01301	0.01266	0.02262	0.00947	0.00977	0	0	0	0	0.01246	0.70107	0	0	0	0	0	0	0	0.00846	0	0	0	0.00748	0.02925	0	0	0	0	0	
0.00022	0	0	0	0	0	0	0	0	0	0	0	0	0	0	0	0	0	0	0	0	0	0	0	0	0	0	0	0	0	0	0	0.01413	0.00809	0.01127	0.01779	0.02168	0	0	0.74079	0.01365	0.02242	0.00897	0.01957	0.01082	0.00752	0	0.0142	0.01365	0.02009	0	0	0.01033	0.01299	0.00932	0.00948	0.01302	
0.00021	0	0	0	0	0	0	0	0	0	0	0	0	0	0	0	0	0	0	0	0	0	0	0	0	0	0	0	0	0	0	0	0.03424	0.00529	0.02204	0.01451	0.01422	0	0	0.01164	0.71758	0.01621	0.03043	0.00606	0.0053	0.02642	0	0.01501	0.00451	0.00669	0	0	0.00736	0.02496	0.02334	0.00809	0.00591	
0.00019	0	0	0	0	0	0	0	0	0	0	0	0	0	0	0	0	0	0	0	0	0	0	0	0	0	0	0	0	0	0	0	0.01109	0.02313	0.01016	0.01024	0.00786	0	0	0.01157	0.02291	0.70983	0.01062	0.01777	0.00822	0.02294	0	0.00998	0.02675	0.02436	0	0	0.01341	0.0232	0.01282	0.01205	0.01091	
0.00029	0	0	0	0	0	0	0	0	0	0	0	0	0	0	0	0	0	0	0	0	0	0	0	0	0	0	0	0	0	0	0	0.00723	0.00694	0.01447	0.02169	0.0409	0	0	0.01245	0.00851	0.00986	0.67609	0.03326	0.02477	0.00969	0	0.01049	0.0096	0.01554	0	0	0.01213	0.02133	0.023	0.02026	0.02149	
0.00029	0	0	0	0	0	0	0	0	0	0	0	0	0	0	0	0	0	0	0	0	0	0	0	0	0	0	0	0	0	0	0	0.03085	0.01027	0.01543	0.02712	0.01373	0	0	0.01208	0.01319	0.01167	0.01171	0.65561	0.02841	0.01207	0	0.01768	0.0163	0.00725	0	0	0.02795	0.02797	0.01329	0.02529	0.02184	
0.0002	0	0	0	0	0	0	0	0	0	0	0	0	0	0	0	0	0	0	0	0	0	0	0	0	0	0	0	0	0	0	0	0.01553	0.01408	0.02922	0.01581	0.02417	0	0.00855	0.00937	0.00413	0.02036	0.00749	0.0051	0.74437	0.01291	0	0.01259	0.00798	0.01072	0	0	0.01874	0.0065	0.01436	0.00813	0.00968	
0.00024	0	0	0	0	0	0	0	0	0	0	0	0	0	0	0	0	0	0	0	0	0	0	0	0	0	0	0	0	0	0	0	0.02393	0.01611	0.0208	0.0229	0.00579	0	0	0.03588	0.01144	0.01277	0.01329	0.01304	0.00738	0.66306	0	0.01891	0.02653	0.01565	0	0.01108	0.00531	0.00531	0.0153	0.02643	0.02884	
0.00078	0.01968	0	0	0	0	0	0	0	0	0	0	0	0	0	0	0	0	0	0	0.05712	0.01688	0.03375	0.02182	0.0483	0.01962	0.04943	0.03928	0.01767	0.03699	0.02542	0.02367	0	0	0	0	0	0.05934	0.05435	0	0	0	0	0.01867	0	0	0.40874	0	0	0	0.02716	0.02133	0	0	0	0	0	
0.0002	0	0	0	0	0	0	0	0	0	0	0	0	0	0	0	0	0	0	0.00901	0	0	0	0	0	0	0	0	0	0	0	0	0.01512	0.01458	0.03586	0.01058	0.00539	0	0	0.00647	0.01692	0.01937	0.00755	0.00508	0.0194	0.01519	0	0.73146	0.00306	0.01061	0	0	0.00572	0.02213	0.0054	0.02765	0.01326	
0.00028	0	0.00973	0	0	0	0	0	0	0	0	0	0	0	0	0	0	0	0	0	0	0	0	0	0	0	0	0	0	0	0	0	0.0123	0.00882	0.01172	0.01521	0.03229	0	0	0.01174	0.01909	0.01879	0.01172	0.01245	0.01289	0.0141	0.00991	0.01262	0.69788	0.02309	0	0	0.00782	0.01922	0.01418	0.0101	0.01404	
0.00019	0	0	0	0	0	0	0	0	0	0	0	0	0	0	0	0	0	0	0	0	0	0	0	0	0	0	0	0	0	0	0	0.02577	0.01252	0.00969	0.00937	0.02768	0.0108	0	0.01632	0.02218	0.016	0.0107	0.0136	0.034	0.01197	0	0.01621	0.00974	0.6847	0	0	0.02489	0.00911	0.01465	0.01347	0.00644	
0.00077	0	0	0	0	0	0	0	0	0	0	0	0	0	0	0	0	0	0	0	0.08198	0.04746	0.02507	0.01706	0.01239	0.01768	0.04139	0.02085	0.05686	0.02763	0.01938	0.02717	0	0	0	0	0	0.0283	0.01474	0	0	0	0	0	0	0	0.01418	0	0	0	0.51128	0.03583	0	0	0	0	0	
0.00094	0	0	0	0	0	0	0	0	0	0	0	0	0	0	0	0	0	0	0	0.05991	0.02401	0.06072	0.04213	0.05317	0.06278	0.06923	0.08814	0.02838	0.02709	0.04	0.02348	0	0	0	0	0	0.09418	0.03594	0	0	0	0	0	0	0	0.06083	0	0	0	0.05456	0.17452	0	0	0	0	0	
0.00017	0	0	0	0	0	0	0	0	0	0	0	0	0	0	0	0	0	0	0	0	0	0	0	0	0	0	0	0	0	0	0	0.02619	0.0123	0.01606	0.01401	0.01464	0	0	0.0179	0.00617	0.01877	0.02706	0.0218	0.01952	0.00314	0	0.01299	0.00571	0.01443	0	0	0.70944	0.02214	0.01494	0.00795	0.01469	
0.00029	0	0	0	0	0	0	0	0	0	0	0	0	0	0	0	0	0	0	0	0	0	0	0	0	0	0	0	0	0	0	0	0.02703	0.01023	0.01539	0.03518	0.01654	0	0	0.02331	0.00908	0.02222	0.01667	0.0048	0.01431	0.03036	0	0.01222	0.02076	0.02763	0	0	0.01572	0.64934	0.01559	0.01776	0.01558	
0.00029	0	0	0	0	0	0	0	0	0	0	0	0	0	0	0	0	0	0	0	0	0	0	0	0	0	0	0	0	0	0	0	0.00841	0.02746	0.01741	0.04482	0.00802	0	0	0.02473	0.03514	0.01029	0.01669	0.01905	0.00569	0.02868	0	0.01045	0.02339	0.03404	0	0	0.02446	0.01388	0.59011	0.01317	0.04382	
0.00067	0	0	0	0	0	0	0	0	0	0	0	0	0	0	0	0	0	0	0	0	0	0	0	0	0	0	0	0	0	0	0	0.06224	0.05715	0.01817	0.06168	0.02294	0	0	0.0394	0.03129	0.03939	0.03289	0.01671	0.03844	0.05013	0	0.05404	0.09653	0.09719	0	0	0.05528	0.04056	0.02125	0.1278	0.03624	
0.0004	0	0	0	0	0	0	0	0	0	0	0	0	0	0	0	0	0	0	0	0	0	0	0	0	0	0	0	0	0	0	0	0.02685	0.01673	0.02376	0.02285	0.016	0	0	0.01697	0.02761	0.02211	0.014	0.03291	0.02802	0.03158	0	0.01711	0.01647	0.02002	0	0	0.02369	0.02629	0.02098	0.0154	0.58026	
